Seed : 888
Seed : 888
Seed : 888
Seed : 888
Seed : 888
Seed : 888
5000
11.0 24.9 52.0 63.5 81.9 95.7 107.1 113.9 
10000
10.5 23.5 49.0 60.3 79.2 93.6 105.7 113.6 
15000
10.2 22.8 47.8 58.7 77.4 91.6 103.4 111.2 
20000
10.1 22.8 47.9 58.8 77.6 91.8 103.9 112.1 
25000
10.0 22.6 47.6 58.4 76.7 90.8 102.5 110.3 
30000
10.0 22.5 47.5 58.5 76.9 91.2 103.2 110.9 
35000
9.6 21.8 46.4 57.2 75.7 89.8 101.5 109.4 
40000
9.6 21.8 46.4 57.2 75.6 89.8 101.5 109.4 
Seed : 888
Seed : 888
5000
11.0 24.9 52.0 63.5 81.9 95.7 107.1 113.9 
Seed : 888
Seed : 888
